8 18 40 43  = 2
7 8 18 43  = 2
7 8 18 40 43  = 2
8 18 19 43  = 2
8 18 19 40 43  = 2
7 8 18 19 43  = 2
7 8 18 19 40 43  = 2
8 18 25 43  = 2
8 18 25 40 43  = 2
7 8 18 25 43  = 2
7 8 18 25 40 43  = 2
8 18 19 25 43  = 2
8 18 19 25 40 43  = 2
7 8 18 19 25 43  = 2
7 8 18 19 25 40 43  = 2
8 18 42 43  = 2
8 18 40 42 43  = 2
7 8 18 42 43  = 2
7 8 18 40 42 43  = 2
8 18 19 42 43  = 2
8 18 19 40 42 43  = 2
7 8 18 19 42 43  = 2
7 8 18 19 40 42 43  = 2
8 18 25 42 43  = 2
8 18 25 40 42 43  = 2
7 8 18 25 42 43  = 2
7 8 18 25 40 42 43  = 2
8 18 19 25 42 43  = 2
8 18 19 25 40 42 43  = 2
7 8 18 19 25 42 43  = 2
7 8 18 19 25 40 42 43  = 2
11 18 40 43 50  = 2
11 18 39 43 50  = 2
7 18 39 43 50  = 2
7 11 18 39 43 50  = 2
11 18 35 43 50  = 2
18 35 40 43 50  = 2
11 18 35 40 43 50  = 2
7 11 18 43 50  = 2
11 18 43 50  = 3
18 43 50  = 3
18 39 40 42 43  = 2
7 18 39 42 43  = 2
7 18 39 40 42 43  = 2
18 40 42 43  = 3
18 19 25 40 42 43  = 2
11 18 19 25 42 43  = 2
7 18 19 25 42 43  = 2
7 18 25 40 42 43  = 2
7 18 19 25 40 42 43  = 2
18 19 25 42 43  = 3
18 25 42 43  = 3
18 19 40 42 43  = 2
11 18 19 42 43  = 2
7 18 19 40 42 43  = 2
18 19 42 43  = 3
11 18 40 42 43  = 2
7 18 40 42 43  = 3
7 11 18 42 43  = 2
7 11 18 40 42 43  = 2
18 42 43  = 4
7 18 25 39 43  = 2
18 19 25 39 43  = 2
7 18 19 25 39 43  = 2
7 18 19 39 43  = 2
18 39 40 43  = 3
11 18 39 40 43  = 2
7 18 39 40 43  = 2
7 11 18 39 43  = 2
7 18 39 43  = 3
18 39 43  = 4
11 18 35 42 43  = 2
18 19 35 43  = 2
7 18 35 40 43  = 2
18 35 40 43  = 3
11 18 35 40 43  = 2
18 35 43  = 4
18 19 25 40 43  = 2
7 18 25 40 43  = 2
7 18 19 25 40 43  = 2
11 18 19 25 43  = 3
7 18 19 25 43  = 3
7 11 18 25 43  = 2
7 11 18 19 25 43  = 2
18 19 25 43  = 4
18 25 43  = 4
7 18 19 40 43  = 3
7 11 18 19 43  = 2
7 18 19 43  = 4
18 19 43  = 5
11 18 40 43  = 4
7 11 18 40 43  = 2
7 18 40 43  = 5
7 18 43  = 6
18 40 43  = 7
18 43  = 9
11 42 43 50  = 2
19 42 43 50  = 3
7 19 42 43 50  = 2
42 43 50  = 5
39 42 43 50  = 2
19 25 39 42 43  = 2
7 19 39 42 43  = 2
7 19 25 39 42 43  = 2
11 25 39 42 43  = 2
11 39 42 43  = 3
7 25 39 42 43  = 2
7 11 39 42 43  = 2
7 39 42 43  = 3
39 42 43  = 5
19 25 42 43  = 5
11 19 25 42 43  = 4
25 42 43  = 6
11 19 42 43  = 4
7 19 25 42 43  = 3
7 11 25 42 43  = 2
7 11 19 25 42 43  = 2
7 11 19 42 43  = 2
7 19 42 43  = 5
7 42 43  = 6
19 42 43  = 7
42 43  = 10
7 40 42 43 50  = 2
11 35 40 43 50  = 2
11 40 43 50  = 2
7 40 43 50  = 2
40 43 50  = 3
7 8 40 43  = 3
8 19 40 43  = 3
7 8 19 40 43  = 3
8 40 42 43  = 3
7 8 40 42 43  = 3
8 19 40 42 43  = 3
7 8 19 40 42 43  = 3
8 25 40 43  = 2
7 8 25 40 43  = 2
8 19 25 40 43  = 2
7 8 19 25 40 43  = 2
8 25 40 42 43  = 2
7 8 25 40 42 43  = 2
8 19 25 40 42 43  = 2
7 8 19 25 40 42 43  = 2
7 39 40 42 43  = 2
7 25 40 42 43  = 2
19 25 40 42 43  = 2
7 19 25 40 42 43  = 2
7 11 40 42 43  = 2
7 19 40 42 43  = 3
7 40 42 43  = 4
40 42 43  = 4
7 25 39 40 43  = 2
19 25 39 40 43  = 2
7 19 25 39 40 43  = 2
7 19 39 40 43  = 2
7 11 39 40 43  = 2
7 39 40 43  = 3
39 40 43  = 4
7 35 39 40 43  = 2
11 35 39 40 43  = 2
7 11 35 39 40 43  = 2
7 19 35 40 43  = 2
7 11 35 40 43  = 2
7 35 40 43  = 3
35 40 43  = 4
11 19 25 40 43  = 3
7 11 25 40 43  = 2
7 11 19 25 40 43  = 2
7 19 25 40 43  = 3
19 25 40 43  = 4
25 40 43  = 4
7 11 19 40 43  = 2
7 19 40 43  = 5
19 40 43  = 6
7 11 40 43  = 3
7 40 43  = 7
40 43  = 10
19 25 39 43 50  = 2
7 11 39 43 50  = 2
11 25 39 43 50  = 2
11 39 43 50  = 3
39 43 50  = 5
19 25 39 43  = 5
11 19 39 43  = 3
11 19 25 39 43  = 3
7 11 25 39 43  = 3
7 19 25 39 43  = 4
7 11 19 39 43  = 3
7 11 19 25 39 43  = 3
7 11 39 43  = 4
7 39 43  = 5
11 25 39 43  = 5
11 39 43  = 7
39 43  = 10
7 11 35 39 43  = 2
7 19 35 43  = 2
7 11 35 43  = 2
7 35 43  = 3
8 35 42 43 50  = 2
8 35 39 43 50  = 2
8 25 35 43 50  = 2
8 11 25 35 43  = 2
8 11 25 35 43 50  = 2
8 19 35 43 50  = 2
8 11 19 35 43  = 2
8 11 19 35 43 50  = 2
8 11 35 43 50  = 3
8 35 43 50  = 4
8 35 43  = 4
11 19 35 42 43  = 2
19 25 35 42 43  = 2
11 19 25 35 42 43  = 2
11 35 42 43 50  = 2
35 39 42 43 50  = 2
11 35 39 42 43  = 2
35 39 42 43  = 3
11 25 35 42 43  = 3
11 35 42 43  = 4
35 42 43  = 5
11 35 39 43 50  = 2
11 25 35 39 43  = 3
11 35 39 43  = 4
35 39 43  = 5
11 25 35 43 50  = 2
11 19 25 35 43  = 3
11 25 35 43  = 5
25 35 43  = 5
11 19 35 43  = 4
19 35 43 50  = 2
11 19 35 43 50  = 2
11 35 43 50  = 5
11 35 43  = 8
35 43  = 10
8 39 43 50  = 2
8 19 39 42 43  = 2
8 19 25 39 43  = 2
8 19 25 39 42 43  = 2
8 11 25 39 43  = 2
7 8 39 42 43  = 2
7 8 25 39 43  = 2
7 8 25 39 42 43  = 2
7 8 19 39 43  = 2
7 8 19 39 42 43  = 2
7 8 19 25 39 43  = 2
7 8 19 25 39 42 43  = 2
8 39 42 43  = 3
8 25 39 42 43  = 2
8 39 43  = 4
8 11 25 43 50  = 3
8 19 25 43 50  = 2
8 11 19 25 43 50  = 2
8 19 25 42 43  = 4
8 11 25 42 43  = 3
8 11 19 25 42 43  = 3
8 19 25 43  = 5
8 11 19 25 43  = 4
8 25 43  = 6
8 11 19 42 43  = 3
8 11 19 43 50  = 3
8 11 19 43  = 5
8 11 43  = 6
7 8 19 43 50  = 3
7 8 42 43 50  = 2
7 8 19 42 43 50  = 2
7 8 11 19 43  = 3
7 8 11 25 43  = 3
7 8 11 19 25 43  = 3
7 8 11 42 43  = 2
7 8 11 19 42 43  = 2
7 8 11 25 42 43  = 2
7 8 11 19 25 42 43  = 2
7 8 19 25 43  = 4
7 8 25 42 43  = 3
7 8 19 25 42 43  = 3
7 8 19 42 43  = 5
7 8 19 43  = 6
7 8 43  = 6
8 19 43 50  = 5
8 19 42 43 50  = 3
8 19 42 43  = 6
8 42 43  = 7
8 19 43  = 8
8 43  = 10
11 19 25 43 50  = 3
11 25 43 50  = 4
25 43 50  = 5
7 19 25 43 50  = 2
7 11 25 43 50  = 2
7 11 19 25 43 50  = 2
7 11 19 43 50  = 2
7 19 43 50  = 4
7 43 50  = 5
11 19 43 50  = 4
11 43 50  = 7
43 50  = 11
7 19 25 43  = 6
7 11 25 43  = 5
7 11 19 25 43  = 5
7 11 19 43  = 5
7 19 43  = 9
7 43  = 11
11 19 25 43  = 8
11 25 43  = 10
25 43  = 12
11 19 43  = 9
11 43  = 14
43  = 21
19 25 35 40  = 2
8 19 25 40  = 3
8 25 40 42  = 3
8 19 25 40 42  = 3
8 18 25 40  = 2
8 18 19 25 40  = 2
8 18 25 40 42  = 2
8 18 19 25 40 42  = 2
7 8 25 40  = 2
7 8 19 25 40  = 2
7 8 25 40 42  = 2
7 8 19 25 40 42  = 2
7 8 18 25 40  = 2
7 8 18 19 25 40  = 2
7 8 18 25 40 42  = 2
7 8 18 19 25 40 42  = 2
7 19 25 40 42  = 2
7 19 25 39 40  = 2
7 18 19 25 40  = 2
7 18 25 40 42  = 2
7 18 19 25 40 42  = 2
7 11 19 25 40  = 2
7 19 25 40  = 3
7 25 40  = 3
11 25 40 42  = 2
19 25 40 42  = 3
25 40 42  = 4
25 39 40 42  = 2
19 25 39 40  = 2
11 25 39 40  = 3
25 39 40  = 4
18 19 25 40 42  = 2
11 18 25 40 42  = 2
18 25 39 40 42  = 2
11 18 25 39 40  = 2
18 25 39 40  = 3
11 18 25 40  = 3
18 25 40  = 4
11 19 25 40  = 3
11 25 40  = 5
25 40  = 7
18 25 35  = 2
8 18 19 25  = 2
8 18 25 42  = 2
8 18 19 25 42  = 2
7 8 18 25  = 2
7 8 18 19 25  = 2
7 8 18 25 42  = 2
7 8 18 19 25 42  = 2
18 25 39 42  = 2
11 18 19 25 42  = 2
11 18 25 42  = 3
18 25 42  = 4
18 19 25 39  = 2
11 18 19 25  = 3
18 19 25  = 4
7 18 19 25 42  = 2
7 11 18 19 25  = 2
7 18 25 39  = 3
7 18 19 25 39  = 2
7 18 25  = 4
11 18 25 39  = 3
11 18 25  = 5
18 25  = 7
7 25 35 39  = 2
8 25 35 42 50  = 2
8 19 25 35 50  = 2
8 19 25 35 42  = 2
8 19 25 35 42 50  = 2
8 11 25 35 50  = 2
8 25 35 50  = 3
8 25 35  = 3
11 25 35 39 50  = 2
19 25 35 42 50  = 2
11 25 35 42 50  = 2
11 25 35 50  = 3
25 35 50  = 4
11 19 25 35 42  = 2
11 19 25 35  = 3
19 25 35  = 4
11 25 35 42  = 4
11 25 35 39  = 4
25 35 39 42  = 2
11 25 35 39 42  = 2
11 25 35  = 6
25 35  = 8
8 19 25 39 42  = 2
8 19 25 39  = 2
8 11 25 39  = 2
7 8 19 25 39  = 2
7 8 25 39 42  = 2
7 8 19 25 39 42  = 2
8 25 39  = 3
7 8 19 25 42  = 3
7 8 11 19 25  = 3
7 8 11 25 42  = 2
7 8 11 19 25 42  = 2
7 8 19 25  = 4
7 8 25  = 4
8 19 25 42 50  = 3
8 11 25 42 50  = 2
8 11 19 25 42 50  = 2
8 19 25 50  = 4
8 11 19 25 50  = 3
8 25 50  = 5
8 11 19 25  = 5
8 11 25 42  = 4
8 11 19 25 42  = 4
8 19 25 42  = 6
8 19 25  = 7
8 25  = 9
7 11 25 42 50  = 2
7 11 25 39 50  = 2
7 19 25 39 50  = 2
7 11 19 25 39 50  = 2
7 11 19 25 50  = 3
7 11 25 50  = 4
7 25 50  = 4
11 25 39 42 50  = 2
11 19 25 39 50  = 2
11 25 39 50  = 4
25 39 50  = 5
11 19 25 42 50  = 3
11 25 42 50  = 5
25 42 50  = 6
11 19 25 50  = 5
11 25 50  = 8
25 50  = 10
7 19 25 39 42  = 4
7 11 25 39 42  = 2
7 11 19 25 39 42  = 2
7 11 19 25 42  = 3
7 19 25 42  = 5
7 25 42  = 6
7 19 25 39  = 6
7 11 25 39  = 4
7 11 19 25 39  = 4
7 11 19 25  = 6
7 19 25  = 8
7 25  = 10
11 19 25 39 42  = 2
11 25 39 42  = 5
25 39 42  = 7
11 19 25 39  = 4
11 25 39  = 9
25 39  = 13
11 19 25 42  = 6
11 25 42  = 10
25 42  = 14
11 19 25  = 10
11 25  = 16
25  = 22
39 40 42 50  = 2
7 39 40 50  = 2
7 39 40 42 50  = 2
19 40 42 50  = 2
8 19 40 50  = 2
8 19 40 42 50  = 2
11 18 40 50  = 2
11 35 40 50  = 2
11 18 35 40 50  = 2
35 40 42 50  = 2
18 35 40 50  = 2
35 40 50  = 3
18 40 50  = 3
7 40 42 50  = 3
7 8 40 50  = 2
7 8 40 42 50  = 2
40 42 50  = 4
8 40 42 50  = 3
40 50  = 6
11 35 39 40  = 4
7 35 39 40  = 4
7 11 35 39 40  = 4
35 39 40 42  = 3
11 35 39 40 42  = 3
7 35 39 40 42  = 3
7 11 35 39 40 42  = 3
18 35 39 40  = 2
11 18 35 39 40  = 2
7 18 35 39 40  = 2
7 11 18 35 39 40  = 2
18 35 39 40 42  = 2
11 18 35 39 40 42  = 2
7 18 35 39 40 42  = 2
7 11 18 35 39 40 42  = 2
19 35 40 42  = 2
7 19 35 39 40  = 2
11 19 35 39 40  = 2
7 11 19 35 39 40  = 2
7 11 19 35 40  = 2
7 19 35 40  = 3
19 35 40  = 4
11 18 35 40 42  = 3
7 18 35 40 42  = 2
7 11 18 35 40 42  = 2
7 11 35 40 42  = 3
11 35 40 42  = 4
35 40 42  = 5
7 11 18 35 40  = 2
11 18 35 40  = 4
18 35 40  = 5
7 11 35 40  = 4
11 35 40  = 6
35 40  = 8
7 8 39 40  = 2
8 39 40 42  = 2
7 8 39 40 42  = 2
7 8 11 40  = 2
8 19 40 42  = 4
7 8 19 40  = 3
7 8 19 40 42  = 3
8 18 19 40  = 2
8 18 19 40 42  = 2
7 8 18 19 40  = 2
7 8 18 19 40 42  = 2
7 8 18 40  = 3
8 18 40 42  = 2
7 8 18 40 42  = 2
7 8 40 42  = 4
7 8 40  = 6
8 40  = 9
7 18 19 39 40  = 2
18 19 39 40 42  = 2
7 18 19 39 40 42  = 2
7 11 18 19 40  = 2
11 18 19 40 42  = 2
7 11 18 19 40 42  = 2
7 18 19 40 42  = 3
7 18 19 40  = 4
18 19 40  = 4
7 19 39 40 42  = 3
7 11 19 39 40  = 3
11 19 39 40 42  = 2
7 11 19 39 40 42  = 2
7 19 39 40  = 5
19 39 40  = 5
7 11 19 40  = 4
11 19 40 42  = 3
7 11 19 40 42  = 3
7 19 40 42  = 5
7 19 40  = 8
19 40  = 10
7 11 18 39 40 42  = 3
7 18 39 40 42  = 4
18 39 40 42  = 5
7 11 39 40 42  = 4
7 39 40 42  = 6
39 40 42  = 7
7 11 18 40 42  = 4
11 18 40 42  = 6
18 40 42  = 7
7 11 40 42  = 5
7 40 42  = 8
40 42  = 11
7 11 18 39 40  = 3
11 18 39 40  = 6
18 39 40  = 7
11 39 40  = 8
7 11 39 40  = 5
39 40  = 11
7 11 18 40  = 4
11 18 40  = 9
18 40  = 14
11 40  = 14
7 11 40  = 7
40  = 23
8 35 39 50  = 3
8 35 39 42  = 2
8 35 39 42 50  = 2
7 8 18 35  = 3
8 18 35 50  = 2
7 8 18 35 50  = 2
8 11 18 35  = 2
7 8 11 18 35  = 2
8 11 18 35 50  = 2
7 8 11 18 35 50  = 2
7 8 35 42  = 2
7 8 19 35 42  = 2
7 8 11 35 50  = 2
7 8 35 50  = 3
7 8 35  = 4
8 35 42 50  = 4
8 11 19 35 50  = 2
8 19 35 50  = 4
8 19 35 42 50  = 3
8 19 35  = 5
8 11 35 50  = 5
8 35 50  = 8
8 35  = 9
19 35 39 50  = 2
19 35 42 50  = 3
11 19 35 50  = 3
19 35 50  = 5
7 19 35 39 42  = 3
11 19 35 39 42  = 2
7 11 19 35 39 42  = 2
11 19 35 39  = 4
7 11 19 35 39  = 3
19 35 39  = 5
11 18 19 35 39  = 2
11 18 19 35 42  = 2
11 18 19 35  = 3
7 18 19 35 42  = 2
18 19 35  = 5
7 11 19 35 42  = 2
7 19 35 42  = 4
7 19 35  = 6
11 19 35 42  = 4
11 19 35  = 7
19 35  = 11
11 18 35 39 50  = 2
7 11 18 35 50  = 3
11 18 35 50  = 5
18 35 50  = 5
11 18 35 39 42  = 3
7 18 35 39 42  = 3
7 11 18 35 39 42  = 3
11 18 35 39  = 4
7 11 18 35 39  = 3
18 35 39  = 5
7 11 18 35 42  = 3
11 18 35 42  = 5
18 35 42  = 6
7 11 18 35  = 5
11 18 35  = 9
18 35  = 12
7 35 39 42 50  = 2
7 35 39 50  = 3
7 11 35 50  = 3
7 35 50  = 5
7 35 39 42  = 5
7 11 35 42  = 4
7 11 35 39 42  = 4
7 11 35 39  = 5
7 35 39  = 8
7 35  = 12
11 35 39 42 50  = 2
35 39 42 50  = 4
35 42 50  = 6
11 35 39 50  = 4
11 35 50  = 9
35 50  = 13
11 35 39 42  = 6
11 35 42  = 9
35 42  = 13
11 35 39  = 9
11 35  = 16
35  = 23
11 18 19 50  = 2
18 19 39 50  = 2
11 18 19 39 50  = 2
11 18 39 50  = 3
7 18 39 50  = 2
7 11 18 39 50  = 2
8 11 18 50  = 2
7 8 18 50  = 2
7 8 11 18 50  = 2
7 11 18 50  = 4
11 18 50  = 6
18 50  = 7
7 8 18 42  = 3
8 18 19 42  = 3
7 8 18 19 42  = 3
7 8 18 19  = 4
8 11 18 19  = 2
7 8 11 18 19  = 2
7 8 11 18  = 4
7 8 18  = 7
8 18  = 8
11 18 39 42  = 5
7 11 18 39 42  = 4
18 39 42  = 6
7 18 19 39 42  = 3
11 18 19 39 42  = 2
7 11 18 19 39 42  = 2
7 11 18 19 42  = 3
7 18 19 42  = 5
18 19 42  = 6
7 11 18 42  = 5
11 18 42  = 8
18 42  = 10
7 11 18 19 39  = 3
7 18 19 39  = 4
18 19 39  = 5
7 11 18 19  = 5
7 18 19  = 8
18 19  = 10
7 11 18 39  = 5
11 18 39  = 9
18 39  = 11
7 11 18  = 9
11 18  = 16
18  = 23
8 11 39  = 2
8 19 39 42  = 3
7 8 19 39  = 3
7 8 19 39 42  = 3
8 39 42 50  = 3
7 8 39 50  = 2
7 8 39 42 50  = 2
7 8 39 42  = 4
8 39 42  = 5
8 39  = 6
8 11 19 42 50  = 2
7 8 11 19 42  = 2
8 11 19 42  = 4
8 11 42  = 4
7 8 11 50  = 3
8 11 19 50  = 4
7 8 11 19  = 4
8 11 19  = 7
7 8 11  = 7
8 11  = 12
7 8 19 42 50  = 3
8 19 42 50  = 6
8 42 50  = 8
7 8 19 42  = 7
8 19 42  = 10
8 42  = 13
7 8 19 50  = 4
7 8 19  = 9
8 19  = 13
7 8 50  = 7
7 8  = 14
8  = 23
7 19 39 42 50  = 2
7 11 39 42 50  = 2
7 39 42 50  = 4
39 42 50  = 6
11 19 42 50  = 3
7 11 42 50  = 3
11 42 50  = 6
19 42 50  = 7
7 19 42 50  = 4
42 50  = 12
11 19 39 50  = 4
7 11 19 39 50  = 2
7 11 39 50  = 3
7 39 50  = 6
11 39 50  = 7
39 50  = 12
7 11 19 50  = 3
7 11 50  = 7
7 50  = 12
11 19 50  = 8
11 50  = 15
50  = 24
7 19 39 42  = 8
11 19 39 42  = 5
7 11 19 39 42  = 5
7 11 39 42  = 7
7 39 42  = 11
39 42  = 15
7 11 19 42  = 6
7 19 42  = 12
19 42  = 16
11 42  = 16
7 11 42  = 9
42  = 26
7 11 19 39  = 7
7 19 39  = 11
19 39  = 14
7 11 39  = 9
11 39  = 17
39  = 26
7 11 19  = 11
7 19  = 19
19  = 28
7  = 30
7 11  = 17
11  = 33
