45 7 11 18 35 39 40 42 43 50 
46 11 18 25 39 40 42 
47 11 18 25 39 40 
48 7 11 19 25 39 42 50 
49 7 8 11 19 25 39 42 43 
50 7 11 18 19 25 39 43 50 
51 7 8 19 42 43 50 
52 7 8 19 35 39 42 50 
53 7 19 39 40 
54 11 18 19 35 39 50 
55 8 18 40 50 
56 8 11 19 35 43 50 
57 7 18 40 43 
58 7 35 39 50 
59 7 11 18 35 39 40 42 
60 7 18 25 35 39 
61 7 8 11 19 25 43 50 
62 11 25 35 39 42 50 
63 7 11 18 19 39 40 42 
64 11 25 35 39 42 43 
65 7 8 11 40 
66 7 8 18 19 35 42 
67 8 11 25 35 39 43 50 
68 11 19 39 50 
69 8 35 39 42 43 50 
70 7 8 19 40 42 43 50 
71 8 11 19 25 42 50 
72 11 18 19 25 35 42 43 
73 7 11 18 19 35 39 42 
74 7 8 39 40 42 50 
75 7 11 19 35 39 40 42 
76 7 8 18 40 
77 7 11 19 
78 11 18 35 40 42 
79 8 19 25 35 40 42 50 
80 11 18 39 40 43 
81 7 8 18 19 25 39 40 42 43 
82 7 8 11 18 19 25 40 42 43 
83 7 8 11 18 19 
84 8 25 42 
85 11 18 35 40 43 50 
86 7 19 25 39 42 
87 8 11 19 25 35 42 43 50 
88 7 18 19 35 40 43 
89 7 8 11 18 35 50 
90 7 11 19 25 35 39 40 43 
91 8 11 40 
92 19 25 39 43 50 
93 7 8 11 18 35 50 
94 7 11 25 42 50 
95 11 19 25 40 43 
